.Random.seed <-
c(10403L, 304L, 1121411829L, 1194523930L, 8206838L, -1174065213L, 
-271541196L, 1506231631L, -646794961L, 1481147880L, -1080802602L, 
682530523L, 983318986L, 538829588L, -1715647608L, 837928070L, 
-1812850236L, 1785700037L, 1715434767L, 828534865L, -1838582013L, 
-1107258971L, -560244468L, -1166856095L, 671426864L, 1418803189L, 
853295630L, -528111925L, 743810706L, -1980694846L, 1664466153L, 
-1441899754L, 1712143184L, -430094518L, 1212135659L, -1622333447L, 
1504016942L, -1345711370L, -511332061L, -164779970L, 1513343666L, 
344708221L, 1122865974L, -1661297033L, -795253895L, -1687602912L, 
1185948328L, 1956024669L, -729497417L, 1520818041L, 1292837663L, 
-130884888L, -1140773339L, -1491320848L, 239191217L, 1734265971L, 
980964316L, 1056208795L, -1662093718L, 1791393118L, 573385971L, 
1494658285L, 1466068796L, 745101544L, -66139200L, 327448912L, 
1817643508L, 468426090L, 790424651L, 64015209L, 1220459071L, 
1217501865L, 1056811553L, 1597852133L, -972841438L, -1764533639L, 
1053838544L, 1256707497L, 2014640143L, -2001506251L, -565156334L, 
2112807116L, -716731410L, -996267426L, 206669486L, 538768782L, 
759892226L, 1746981758L, 1994965936L, 96004172L, 1885680450L, 
2077170276L, -843672162L, -397255190L, -1519928949L, -1121955094L, 
1789296535L, 1008126676L, -1865162633L, -1455160523L, 1910843389L, 
796583451L, 1057165673L, 1298128049L, 700353984L, -1206555025L, 
1643586794L, -393861850L, -919014049L, -224438300L, 102082790L, 
-83907332L, -905562792L, 685083928L, -287223297L, -471987810L, 
2059369352L, 1208926190L, -983085524L, 1151766296L, -215568899L, 
-1252682033L, 1579985978L, 308137878L, 2128822615L, -774494717L, 
709355664L, 1292079030L, -396357917L, 1086042919L, -2100020319L, 
-742397065L, 1551363276L, 1075690550L, 1186806134L, -1039106801L, 
-1613593685L, 1571200964L, 64351326L, -1841260507L, -1302311919L, 
961564259L, -943665161L, -1287279314L, -1943783370L, 374563993L, 
-904575718L, -2026210716L, -1637973892L, -556538692L, 1298079358L, 
-2002498491L, -2062584261L, -387892119L, -1203283574L, -594232365L, 
-1249627349L, 1297970475L, 136030139L, -850525394L, 945939503L, 
1617882269L, -902435091L, -1380878333L, -560722781L, 175937543L, 
21534127L, 1171046657L, -1335722515L, -611023838L, 1699192613L, 
1765745716L, -1229129313L, 254135953L, -546061976L, 1911016356L, 
-1727409736L, -1649208972L, 2023387224L, -147845156L, -110020088L, 
794226055L, -1963088271L, -413231690L, -1794352014L, -1901071512L, 
1110354923L, 1237034082L, 374634654L, -1129318737L, -2010113457L, 
396325462L, -143691107L, 131550013L, -104393613L, -1011610298L, 
-647774280L, -184206352L, 789883920L, 441953470L, -981046863L, 
1744074000L, -1583710215L, -997395519L, -1709873439L, -1868412805L, 
-480362213L, 314960324L, -1798543344L, -1926439771L, -1611040944L, 
-1737093990L, 218055098L, 1949180514L, -1837098558L, -1753005282L, 
-1888646747L, -257639899L, -664035768L, 543984259L, -499734917L, 
-1495988521L, 261547901L, 1540307039L, 475979078L, -131487251L, 
921750800L, -570599459L, 819745637L, 926004251L, -1008272342L, 
662590055L, 1340728208L, 1592581382L, 1585655606L, -2107977974L, 
1251903505L, 1383415733L, 1312615592L, 1531437994L, -747191637L, 
-106572768L, 174934610L, 372406130L, 2117728512L, -40338536L, 
-1925985246L, -1830188155L, 250738579L, 1039066568L, -1427055964L, 
2051503364L, -697259710L, 1365704758L, 465627777L, -816692008L, 
416565787L, 711874087L, 972783650L, 1151701826L, -429122481L, 
-993571120L, 807122629L, 1151994211L, -460207972L, -1108167447L, 
1804039279L, 2077865501L, -1625857764L, 1542994890L, 2004664152L, 
-1698917720L, -814190231L, -162636240L, 614337330L, -1212860678L, 
-174405713L, 1611173098L, 1779109489L, -1414335284L, 1026489688L, 
619180805L, -786822586L, -1965960069L, -1056089275L, 1949151446L, 
1503554546L, 1440661254L, 201681252L, -1243893337L, -181297485L, 
1446331687L, 2006785025L, -1081381799L, -451555241L, 6609034L, 
1938745079L, -1444487773L, -1966848332L, -1156433616L, 67059969L, 
-987420054L, -1199593518L, 2135798298L, -1623745189L, -1134304086L, 
1027051692L, 873251203L, 513982676L, 1453382879L, 791650142L, 
2074214612L, 1336327565L, 1216935136L, -1341011064L, -1612014630L, 
1401538202L, 893604846L, -1212810298L, -1776921336L, -1233669013L, 
-1936021386L, 971014582L, 1605315225L, 1858264219L, -337084544L, 
997339626L, -139979507L, 859177577L, -1777440687L, 1130067720L, 
-1978063893L, 1635180992L, -483861173L, 1157155864L, 838482822L, 
1777541612L, -1317534388L, -699937885L, -1329917200L, 362648750L, 
-358967786L, -1199358562L, 1774248013L, 2021613376L, -138804693L, 
-1575370548L, -1740834116L, -1827255032L, 898761988L, -1498196845L, 
-1255726080L, 306678541L, 1739672661L, 417697072L, 157405882L, 
-1891613317L, 1953357490L, 1619137923L, 13287854L, 1357341143L, 
847193384L, 201038729L, -1881251688L, 1178221407L, 575897911L, 
-1881981372L, 1180129945L, 179572730L, 650725574L, -378578540L, 
1482196365L, -1570364796L, 1218294073L, -1200788003L, -1502384083L, 
-2093913015L, 553956046L, -1389574512L, -1453163049L, 499601215L, 
866608561L, -1336016070L, 270868183L, -1355342795L, -1604613428L, 
1298611411L, 1233287977L, -1478981300L, 1679550003L, -513504191L, 
-465264336L, 821525569L, 1443125912L, 1654793986L, -815090093L, 
-1679718990L, -808092438L, -1897852328L, -542530584L, 1141972749L, 
-947126741L, 746392653L, 999534219L, 1613756139L, -244361618L, 
-1012800687L, 1035743947L, 584959570L, 320994529L, -2120007739L, 
-568111896L, 1814236549L, 1179131258L, -667382337L, 1369959753L, 
1779684308L, 1160860935L, -715482001L, -1005667976L, -676407047L, 
-1009329376L, -515780117L, -1733720737L, 1316114731L, 18508190L, 
-417839767L, 668948176L, 939814454L, 1648599869L, -1475739647L, 
1627362696L, 1304716136L, 1449590344L, 1321005399L, 188697958L, 
-1338116823L, 579095207L, -869589833L, -782022609L, 1446205261L, 
-648751390L, -717057890L, -1612649473L, 314067505L, -1160813739L, 
-513658608L, 1312971617L, 1198205460L, -2139379527L, -2124991581L, 
1180452151L, -1959704977L, -855247629L, -1212400495L, 584975381L, 
-165646517L, 1546605831L, 554810276L, -2043370720L, -1419421133L, 
-1795310716L, -678851569L, -678749305L, 993472711L, 398027716L, 
1485679063L, 624154134L, 2091148262L, -3974940L, 1672206374L, 
1089092862L, -1712274205L, 431725972L, -1249290047L, 1543943777L, 
-636461474L, 968234466L, 1192550937L, 2030618840L, 198779390L, 
1125235826L, 963138254L, 1079513206L, 1210046039L, 1713399235L, 
-743734759L, 87416914L, 283413860L, -1160918602L, 144418762L, 
1247983962L, -617717762L, -403356593L, -896162440L, -1234496951L, 
-1324303332L, 2036676802L, 212296313L, -1388982959L, 1305608694L, 
1372265235L, -385801839L, 827450999L, 1084250240L, 1902521355L, 
584666560L, 1121802335L, 1998447323L, 1592795503L, -1273221551L, 
-1271524738L, -112291436L, -423576641L, 56999399L, 1317104357L, 
-55599898L, 934887609L, -1631825511L, 525646068L, 288003300L, 
1754537746L, -1120286622L, -1507893846L, 903243590L, -1371706791L, 
1832026355L, -181038998L, 1128408175L, -1732833257L, 891761000L, 
-508105677L, -1344287484L, -1696198167L, -315594299L, 503708920L, 
-230202303L, 700322078L, 956204616L, -740865457L, -1520232919L, 
195847271L, -1287094491L, -311881339L, -1994789704L, -19374731L, 
-802761626L, 1420881236L, -2121585902L, 1436470872L, 566601676L, 
1055280797L, 124035378L, -156972850L, 1155674055L, -1017022281L, 
1201070179L, 981400037L, -858044037L, 1268869594L, -398168429L, 
526278178L, -200888734L, 691142596L, 930696199L, -141823755L, 
-23084100L, 1027177598L, 1965539754L, 1596947969L, 953879367L, 
-1023273210L, 2114541532L, 2120053350L, 886649794L, 1314241727L, 
428355928L, 424659248L, -646787826L, 2054291797L, -709966815L, 
1523788842L, 975234047L, 400350035L, -184426665L, 371826156L, 
-830715892L, 2068439399L, -539912144L, -2036472657L, -1176258304L, 
-2047991153L, 1095547426L, 1701321539L, 1912601182L, -672315856L, 
-731062776L, -1176964690L, 1951456169L, -1971536785L, 1414403857L, 
-1122688330L, 321062922L, 55253849L, 738833163L, 1128074137L, 
